Loading Configurations
Database = jdbc:mysql://localhost/kiiib?user=KIIIB&password=42
pattern_interval = 10000
pattern_length = 7
use_zones = true
zone_interval = 500
probablility_threshold = 0.5
correlation_interval = 7000
correlation_correction = 0.1
default_on_time = 5000
punishment_timeout = 10000
debug = false
Trying to connect to the database
connection established
generating basic matrices
fetching data from db
 iterating resultset
rows : 45772
runtime = 2928
basic 185/129 (14669)
generating zone matrices
fetching data from db
 iterating resultset
rows : 45772
runtime = 1504
zone 317/211 (18006)
switches
18
13
19
17
4
sensors
24
23
20
21
27
28
22
25
26
29

*********************************************
printing matrix on
*********************************************
key: -1 28 28 [20,21] [20,21] 21 [20,21,29] 19 value: 1.0
key: 22 20 24 20 21 27 25 17 value: 1.0
key: -1 -1 24 20 24 20 21 18 value: 0.5
key: 23 21 23 21 23 21 [21,29] 19 value: 1.0
key: 27 23 24 27 24 23 24 18 value: 1.0
key: -1 -1 -1 -1 [20,23] 21 27 19 value: 0.16666667
key: -1 -1 28 28 28 21 20 19 value: 1.0
key: -1 -1 22 20 21 24 20 19 value: 1.0
key: [23,29] [23,24] 29 [21,24] [22,23,29] 20 20 19 value: 1.0
key: -1 -1 [20,22] 21 20 [21,28] 20 18 value: 1.0
key: 20 24 20 20 24 23 21 18 value: 1.0
key: 20 22 29 22 29 22 29 19 value: 1.0
key: 21 25 26 23 26 26 21 17 value: 1.0
key: 24 24 23 20 20 24 20 4 value: 1.0
key: 20 22 21 20 28 21 20 18 value: 1.0
key: 21 21 27 21 27 21 27 13 value: 1.0
key: -1 -1 -1 -1 -1 -1 28 19 value: 8.5984526E-4
key: -1 -1 -1 [20,23] 21 20 25 17 value: 0.5
key: 21 24 27 20 21 29 23 19 value: 1.0
key: -1 -1 28 27 27 27 28 18 value: 0.33333334
key: [23,24] 24 [23,24] 20 21 20 20 19 value: 1.0
key: 21 24 29 23 22 20 20 19 value: 1.0
key: 20 21 24 20 21 23 25 17 value: 1.0
key: -1 -1 23 20 21 27 20 19 value: 1.0
key: [20,24] 21 24 21 [20,23,24] 20 21 13 value: 1.0
key: 21 22 25 25 25 25 21 17 value: 1.0
key: 21 21 20 23 20 25 20 19 value: 1.0
key: -1 -1 23 20 21 20 20 19 value: 1.0
key: 24 25 24 24 23 21 28 18 value: 1.0
key: -1 -1 -1 -1 -1 20 [20,21] 4 value: 0.33333334
key: 21 24 23 20 21 20 21 19 value: 1.0
key: 27 27 27 27 23 21 28 19 value: 1.0
key: 27 27 27 28 21 20 21 19 value: 0.5
key: 27 28 28 28 27 27 28 18 value: 0.33333334
key: 26 26 26 26 [21,25] [20,25] 21 18 value: 1.0
key: 24 24 23 20 21 20 25 17 value: 0.2
key: 22 22 22 22 21 22 20 19 value: 1.0
key: 28 28 27 28 27 21 20 19 value: 0.5
key: -1 -1 -1 -1 -1 21 [20,21] 19 value: 0.1
key: 21 28 27 27 28 [20,21] [20,21,24] 19 value: 1.0
key: 20 24 23 23 21 20 20 19 value: 1.0
key: 27 28 27 21 20 29 28 19 value: 1.0
key: 27 28 20 21 24 20 21 19 value: 0.33333334
key: -1 -1 -1 -1 -1 20 21 13 value: 0.019607844
key: 20 [23,27] [23,24] 27 24 23 24 18 value: 1.0
key: 24 24 24 24 21 25 25 19 value: 1.0
key: -1 -1 -1 -1 -1 [20,21] 25 17 value: 0.5
key: -1 [20,21] 24 [21,25] 25 21 20 19 value: 1.0
key: 20 21 20 29 29 21 20 19 value: 1.0
key: 28 27 23 24 21 28 21 19 value: 1.0
key: -1 -1 29 29 21 20 25 17 value: 1.0
key: 28 27 27 27 27 27 28 18 value: 0.07692308
key: 24 20 [21,23,24] 27 20 25 25 17 value: 1.0
key: 26 28 27 28 [20,21] 25 21 19 value: 1.0
key: 24 21 23 20 24 20 21 13 value: 0.5
key: -1 -1 -1 -1 -1 20 21 4 value: 0.019607844
key: -1 -1 -1 23 20 21 27 19 value: 0.2
key: 25 21 20 23 20 23 20 17 value: 1.0
key: 23 23 24 23 24 20 21 19 value: 1.0
key: 22 21 27 25 26 25 21 19 value: 1.0
key: -1 -1 -1 28 28 28 [20,21] 19 value: 1.0
key: -1 24 24 20 23 21 20 17 value: 0.2
key: 26 25 25 26 26 25 25 17 value: 0.11111111
key: [20,21] 23 24 24 21 20 21 19 value: 1.0
key: 24 23 24 20 21 20 27 17 value: 1.0
key: -1 -1 -1 -1 -1 20 21 19 value: 0.039215688
key: -1 -1 -1 -1 21 20 25 17 value: 0.5
key: 23 22 23 24 20 20 21 19 value: 1.0
key: 27 27 27 27 27 [20,21] 20 17 value: 1.0
key: 28 28 27 20 21 23 20 13 value: 0.5
key: 24 24 24 20 23 21 21 13 value: 0.16666667
key: 27 21 21 [21,27] 21 27 [21,27] 13 value: 1.0
key: 20 25 25 25 26 20 27 18 value: 1.0
key: 26 25 26 [21,25] 20 27 28 18 value: 1.0
key: 21 21 20 21 21 21 20 4 value: 1.0
key: 26 25 25 25 21 20 21 19 value: 1.0
key: -1 -1 -1 [20,21] [20,21] 21 20 19 value: 0.5
key: 28 27 27 27 27 [20,21] [21,29] 19 value: 1.0
key: -1 -1 -1 -1 20 24 20 19 value: 0.25
key: 20 21 20 27 28 20 28 18 value: 1.0
key: [20,23] 21 21 [20,23] 20 25 20 19 value: 1.0
key: -1 24 24 [20,23] 21 20 25 17 value: 0.33333334
key: 28 27 28 21 20 21 20 19 value: 1.0
key: 28 [27,28] 28 28 27 27 28 18 value: 1.0
key: 28 [20,21] [20,21,24] 20 21 [20,21] [20,21] 13 value: 1.0
key: -1 -1 20 [22,23] [21,27] 20 25 17 value: 1.0
key: -1 24 24 24 24 23 [20,21] 4 value: 1.0
key: [25,26] 23 22 26 26 26 21 17 value: 1.0
key: -1 -1 -1 -1 -1 -1 [20,21] 19 value: 0.03125
key: 25 26 21 25 20 27 28 18 value: 1.0
key: 20 23 22 21 27 20 25 17 value: 1.0
key: -1 23 24 24 20 23 21 19 value: 0.5
key: -1 -1 -1 -1 20 20 21 4 value: 0.25
key: -1 -1 -1 [20,23] 21 20 20 19 value: 1.0
key: -1 28 27 21 20 20 21 19 value: 1.0
key: -1 -1 -1 24 24 23 20 13 value: 0.05263158
key: [21,24] 27 [27,28] 27 21 21 [21,27] 17 value: 1.0
key: 20 21 [25,26] 26 26 [25,26] 21 19 value: 1.0
key: 20 24 24 24 24 21 25 17 value: 1.0
key: [20,23,24] 21 21 21 23 20 20 4 value: 1.0
key: 20 25 [21,29] [20,29] 21 20 20 19 value: 1.0
key: 20 27 28 20 25 21 27 17 value: 1.0
key: [24,26] 20 21 26 25 26 21 19 value: 1.0
key: 27 27 28 27 21 20 [28,29] 19 value: 1.0
key: [21,25] 20 23 24 24 20 23 13 value: 1.0
key: 23 20 [20,21] 21 [20,21] 21 29 19 value: 1.0
key: 25 25 25 25 25 25 25 17 value: 0.02173913
key: -1 -1 -1 29 29 29 21 19 value: 0.2
key: [20,23] 24 23 24 20 21 [20,27] 17 value: 1.0
key: 20 21 21 [20,24] 21 20 21 4 value: 1.0
key: 27 27 28 28 21 20 27 19 value: 1.0
key: 20 25 20 29 29 29 29 19 value: 1.0
key: -1 24 24 23 20 20 24 4 value: 1.0
key: 20 29 22 20 20 22 [20,21] 19 value: 1.0
key: 21 20 25 26 26 25 [20,21,25] 19 value: 1.0
key: -1 -1 -1 [27,28] [27,28] 27 28 18 value: 1.0
key: -1 -1 -1 -1 21 20 20 19 value: 0.125
key: -1 -1 24 24 [20,23] 20 24 4 value: 1.0
key: -1 21 20 21 20 21 20 19 value: 0.5
key: 27 28 27 28 27 27 [20,21] 19 value: 1.0
key: 21 20 [21,24] 27 [27,28] 27 21 19 value: 1.0
key: -1 20 21 20 21 20 24 13 value: 1.0
key: 23 21 21 21 27 28 21 4 value: 1.0
key: 24 22 20 24 23 22 20 13 value: 1.0
key: [23,24] [23,24] [23,24] [23,24] 20 21 [24,25] 17 value: 1.0
key: 23 23 24 20 21 24 25 17 value: 1.0
key: -1 -1 -1 28 [20,21] 21 29 19 value: 1.0
key: [20,24] 27 28 27 28 27 28 18 value: 1.0
key: 21 20 24 21 27 27 28 18 value: 1.0
key: -1 -1 28 20 21 21 29 19 value: 1.0
key: -1 -1 -1 24 20 21 25 17 value: 1.0
key: -1 -1 28 [21,27] 20 20 21 19 value: 1.0
key: -1 -1 -1 23 20 21 [20,27] 19 value: 1.0
key: -1 -1 24 23 [20,24] [20,21] [21,25] 17 value: 1.0
key: -1 -1 -1 -1 -1 -1 [20,23] 13 value: 0.016949153
key: 21 20 20 23 21 20 24 13 value: 1.0
key: 26 26 21 25 20 25 21 18 value: 1.0
key: 28 28 20 21 23 20 24 13 value: 0.5
key: -1 -1 -1 -1 [20,23] [20,21] 28 18 value: 1.0
key: -1 -1 -1 -1 21 20 21 19 value: 0.06666667
key: 21 20 23 24 24 20 23 13 value: 0.25
key: 20 21 28 27 27 28 [20,21] 13 value: 2.0
key: 28 [27,28] [27,28] [21,28] 20 21 20 19 value: 1.0
key: 20 21 28 27 27 28 [20,21] 19 value: 1.0
key: 23 20 24 20 21 21 25 17 value: 1.0
key: -1 -1 21 20 20 21 20 19 value: 0.5
key: 23 24 21 25 26 23 26 17 value: 1.0
key: 28 28 28 27 27 [21,27] 20 19 value: 1.0
key: 21 20 24 23 21 20 21 4 value: 1.0
key: 25 26 21 20 20 29 29 19 value: 1.0
key: 21 29 27 23 21 27 28 19 value: 1.0
key: 25 26 25 [25,26] 26 25 25 17 value: 1.0
key: 26 [25,26] 21 20 20 29 29 19 value: 1.0
key: 25 26 26 25 25 20 21 19 value: 1.0
key: 24 24 23 21 [21,28] [25,27] 27 17 value: 1.0
key: 24 [20,24] 20 20 27 29 29 19 value: 1.0
key: 24 21 20 27 21 28 27 18 value: 1.0
key: 20 23 [20,24] [20,24] [20,22] 25 26 19 value: 1.0
key: 20 24 24 24 [21,24] 25 25 19 value: 1.0
key: [27,28] [27,28] 27 27 28 [20,21] 21 19 value: 1.0
key: -1 -1 -1 -1 -1 -1 21 4 value: 0.0078125
key: [20,23] 22 29 22 29 22 29 19 value: 1.0
key: 24 20 21 20 20 20 20 19 value: 1.0
key: 28 27 28 27 27 21 20 19 value: 1.0
key: [22,24] [20,23] [20,21,24] [20,27] 28 20 28 18 value: 1.0
key: [20,23,24] 21 24 [20,23] 21 20 21 19 value: 1.0
key: 22 23 24 20 23 21 20 19 value: 0.33333334
key: [20,21] [23,24] 20 20 20 23 20 19 value: 1.0
key: [25,26] 25 25 25 21 20 21 19 value: 1.0
key: 20 23 [23,24] 20 23 23 21 19 value: 1.0
key: -1 -1 -1 -1 -1 -1 20 4 value: 0.0056497175
key: 23 23 21 21 21 27 28 18 value: 1.0
key: -1 -1 -1 -1 -1 -1 20 19 value: 0.0056497175
key: -1 -1 -1 24 23 20 24 13 value: 0.16666667
key: -1 22 22 22 22 [21,22] 20 19 value: 1.0
key: 20 20 20 [20,23,24] [20,24] [20,23,24] 21 18 value: 1.0
key: 24 23 20 20 20 23 20 19 value: 1.0
key: 20 21 20 21 21 20 29 19 value: 1.0
key: 24 [20,23] 24 21 [25,26] 23 26 17 value: 1.0
key: 28 28 28 27 20 21 [20,23] 13 value: 1.0
key: 23 22 23 24 [20,23] 21 20 19 value: 0.5
key: 24 24 20 23 21 21 25 17 value: 0.5
key: 20 21 27 28 27 20 21 19 value: 0.5
key: 24 21 [25,26] 23 26 26 21 17 value: 1.0
key: [20,23] 21 20 25 26 26 25 17 value: 1.0
key: 21 20 20 28 20 22 20 19 value: 1.0
key: [20,23] 21 29 27 23 [21,27] 28 19 value: 1.0
key: 26 25 26 29 21 29 28 18 value: 1.0
key: 20 21 20 25 26 26 25 17 value: 0.2
key: 21 23 21 23 21 21 29 19 value: 1.0
key: -1 -1 29 22 29 21 20 19 value: 1.0
key: 24 24 24 23 28 27 27 18 value: 1.0
key: 24 24 24 24 23 20 21 4 value: 0.11111111
key: -1 -1 20 21 23 20 24 13 value: 1.0
key: 20 24 20 22 20 25 26 19 value: 1.0
key: 22 22 24 24 20 23 21 19 value: 0.25
key: 28 28 27 27 21 27 20 19 value: 1.0
key: 25 21 20 [20,28] 20 22 20 19 value: 1.0
key: 20 22 [21,27] 25 26 25 21 19 value: 1.0
key: 24 24 24 20 20 [21,27] 25 17 value: 1.0
key: -1 24 24 24 [20,23,24] 21 [21,25] 17 value: 1.0
key: -1 27 [27,28] 28 21 20 27 19 value: 1.0
key: 23 23 [22,23] 24 20 20 21 19 value: 1.0
key: -1 -1 -1 -1 -1 -1 -1 18 value: 0.25
key: 24 [23,24] 21 24 21 [21,24] [23,24] 4 value: 2.0
key: 24 27 28 27 28 27 28 18 value: 1.0
key: 23 22 23 20 21 25 26 17 value: 0.5
key: [20,23,24] 20 21 20 20 20 20 19 value: 1.0
key: 27 27 28 [27,28] 28 27 [20,21] 19 value: 1.0
key: 20 24 20 20 27 29 29 19 value: 1.0
key: -1 [20,23] [20,23] [21,24] [20,27] 21 [23,29] 19 value: 1.0
key: 21 20 21 20 21 20 21 13 value: 0.16666667
key: -1 -1 -1 24 23 20 21 19 value: 0.071428575
key: -1 -1 -1 -1 -1 -1 -1 4 value: 0.05
key: 24 21 24 20 21 27 28 18 value: 1.0
key: 28 27 28 21 20 25 21 19 value: 1.0
key: -1 28 27 28 27 27 28 18 value: 0.5
key: 24 22 22 24 24 [20,23] 21 19 value: 1.0
key: 20 21 21 20 23 20 25 17 value: 1.0
key: 27 27 28 [20,21,27] [20,28] 25 [21,27] 17 value: 1.0
key: -1 -1 -1 -1 -1 -1 -1 13 value: 0.05
key: 24 24 [20,23,24] 23 21 20 20 19 value: 1.0
key: -1 -1 -1 -1 24 24 23 13 value: 0.018181818
key: -1 -1 24 24 [20,23] 21 20 19 value: 0.2
key: -1 -1 -1 -1 20 [20,21,23] 24 13 value: 1.0
key: 20 21 21 21 23 20 20 4 value: 1.0
key: -1 -1 -1 29 [22,29] 21 20 19 value: 1.0
key: 21 21 20 24 21 20 21 4 value: 1.0
key: -1 -1 28 28 [20,21] 23 [20,24] 13 value: 1.0
key: 23 20 21 27 28 27 [20,21] 19 value: 1.0
key: 26 20 21 26 25 26 21 19 value: 1.0
key: 23 23 24 20 23 23 21 19 value: 1.0
key: -1 [20,23] 21 21 [20,23] 20 25 17 value: 1.0
key: 24 20 23 21 21 20 25 17 value: 1.0
key: 28 21 27 20 28 27 28 19 value: 1.0
key: 27 28 27 21 21 21 27 17 value: 1.0
key: -1 -1 -1 24 24 [20,23,24] 21 19 value: 1.0
key: -1 -1 24 24 20 23 [20,21] 17 value: 0.5
key: 26 26 25 21 20 21 23 13 value: 0.33333334
key: -1 -1 -1 -1 22 23 20 13 value: 0.33333334
key: -1 -1 23 20 21 20 28 18 value: 0.5
key: 25 26 26 26 26 25 21 19 value: 0.33333334
key: 24 [20,24] 23 21 21 20 25 17 value: 1.0
key: 20 24 21 25 25 21 20 19 value: 1.0
key: -1 -1 [20,23] 21 21 [20,23] 20 18 value: 1.0
key: -1 -1 20 21 21 20 24 19 value: 0.33333334
key: -1 20 21 24 20 [21,23] 25 17 value: 1.0
key: 21 24 21 21 24 23 24 4 value: 1.0
key: -1 -1 -1 -1 -1 21 20 19 value: 0.016393442
key: 24 24 20 21 20 21 29 19 value: 1.0
key: -1 -1 20 21 20 [20,21] 24 13 value: 1.0
key: 24 [20,24] 21 [20,27] 21 28 27 18 value: 1.0
key: -1 -1 -1 -1 -1 23 20 13 value: 0.017857144
key: -1 -1 21 20 21 20 28 18 value: 1.0
key: -1 -1 -1 -1 -1 23 20 19 value: 0.017857144
key: 27 28 28 27 28 28 [20,21,27] 19 value: 1.0
key: 21 20 21 21 20 21 29 19 value: 1.0
key: -1 -1 -1 -1 24 23 [20,21] 19 value: 0.5
key: [20,23] 21 21 [20,21] 21 21 [20,21] 4 value: 1.0
key: 24 24 24 20 20 20 21 19 value: 1.0
key: 23 21 21 28 25 27 27 17 value: 1.0
key: 28 28 28 27 21 20 21 19 value: 1.0
key: [27,28] 27 27 27 23 21 28 19 value: 1.0
key: -1 24 24 [20,23] 20 24 20 4 value: 1.0
key: 20 [21,27] 21 20 [21,24] 27 [27,28] 18 value: 1.0
key: 24 24 23 20 21 20 20 19 value: 0.5
key: -1 -1 -1 23 24 23 [20,21] 19 value: 1.0
key: 21 26 26 25 21 [20,21] 23 13 value: 1.0
key: 28 27 28 28 27 21 20 19 value: 0.33333334
key: -1 -1 -1 -1 22 22 23 13 value: 0.027027028
key: 25 25 25 25 [21,25] 20 20 19 value: 1.0
key: 26 23 22 26 26 26 21 17 value: 1.0
key: -1 -1 22 22 23 23 21 19 value: 1.0
key: 29 21 20 29 21 20 20 19 value: 1.0
key: -1 -1 25 25 25 25 21 17 value: 0.5
key: 21 28 27 27 28 20 21 13 value: 1.0
key: -1 -1 -1 -1 28 [27,28] [20,21] 19 value: 1.0
key: -1 -1 -1 [20,21] 21 20 28 18 value: 1.0
key: 24 21 27 27 28 27 21 19 value: 1.0
key: -1 -1 28 27 28 21 20 19 value: 0.2
key: -1 -1 -1 22 20 21 [20,24] 19 value: 1.0
key: 21 28 27 27 28 20 21 19 value: 0.5
key: [20,23,24] [20,21] [20,21] [20,21] 20 20 24 13 value: 1.0
key: [23,24] 24 22 20 [23,24] 22 20 13 value: 1.0
key: -1 -1 -1 -1 29 20 21 19 value: 1.0
key: -1 -1 -1 28 [20,21,27] 28 [27,28] 19 value: 1.0
key: 24 24 20 21 20 29 29 19 value: 1.0
key: -1 -1 -1 -1 -1 -1 27 18 value: 0.0017636684
key: 23 20 21 21 20 23 20 18 value: 1.0
key: 27 27 27 21 20 21 29 19 value: 1.0
key: 23 [20,24] 21 [20,24] 21 27 28 18 value: 1.0
key: 21 20 28 28 21 20 21 17 value: 1.0
key: 23 [20,21] 25 25 [25,26] 20 27 18 value: 1.0
key: 24 24 20 20 27 21 25 17 value: 1.0
key: -1 -1 23 20 21 20 25 17 value: 0.5
key: 20 21 20 21 20 20 24 13 value: 1.0
key: 20 23 24 24 21 20 21 19 value: 1.0
key: 27 28 [23,27] 24 21 28 21 19 value: 1.0
key: -1 24 24 23 20 24 21 19 value: 0.33333334
key: -1 -1 -1 -1 -1 [20,21] 21 19 value: 0.083333336
key: -1 22 22 23 23 21 21 17 value: 1.0
key: 20 20 24 24 24 [21,24] 25 17 value: 1.0
key: 23 24 22 [20,24] [20,21] 27 25 17 value: 1.0
key: -1 -1 23 24 23 20 21 19 value: 0.5
key: -1 24 24 23 20 21 20 19 value: 0.14285715
key: 24 24 24 24 24 24 23 13 value: 0.06666667
key: 27 27 27 27 27 27 27 13 value: 0.010416667
key: -1 -1 -1 -1 24 23 [20,24] 13 value: 1.0
key: 24 23 21 27 20 25 25 17 value: 1.0
key: -1 28 28 28 28 28 27 18 value: 0.33333334
key: 25 [22,26,29] 29 26 [21,25,26,29] 29 28 18 value: 1.0
key: 24 24 20 23 21 25 21 17 value: 1.0
key: 25 25 26 26 25 26 21 17 value: 0.5
key: -1 23 23 24 23 [20,24] 21 19 value: 1.0
key: 29 22 20 20 22 21 20 19 value: 1.0
key: 27 27 27 27 20 21 20 17 value: 1.0
key: 25 25 25 25 21 20 20 19 value: 1.0


*********************************************
printing matrix off
*********************************************
key: -1 -1 -1 -1 -1 [20,21] 24 4 value: 0.11111111
key: -1 -1 24 [23,24] 23 [20,24] 23 18 value: 1.0
key: -1 -1 -1 23 20 21 [20,28] 18 value: 1.0
key: 24 25 22 [22,24] 25 23 [22,23] 17 value: 1.0
key: 25 25 26 25 [21,25] 20 23 4 value: 1.0
key: -1 27 27 [20,21] [23,24] 24 24 18 value: 1.0
key: 23 20 27 21 28 27 20 19 value: 1.0
key: 28 28 [20,21] [21,23,24] 28 24 23 13 value: 1.0
key: 24 24 20 23 21 29 29 19 value: 1.0
key: 25 29 26 29 26 29 21 19 value: 1.0
key: 27 27 27 27 27 27 [20,21] 19 value: 1.0
key: [20,21] 20 [27,28] 28 20 28 27 13 value: 1.0
key: 21 20 24 20 24 23 24 18 value: 1.0
key: -1 -1 -1 -1 29 29 [20,21] 19 value: 1.0
key: 21 20 20 21 20 20 21 19 value: 0.33333334
key: 20 27 24 28 27 21 20 18 value: 1.0
key: -1 -1 -1 23 27 27 23 19 value: 1.0
key: -1 -1 -1 29 29 21 20 19 value: 0.4
key: -1 -1 -1 -1 -1 20 23 13 value: 0.01754386
key: 24 24 24 28 24 21 20 19 value: 0.5
key: [24,28] 27 27 27 27 27 27 13 value: 1.0
key: 24 24 23 20 20 24 20 4 value: 2.0
key: 20 24 21 20 21 21 20 4 value: 0.5
key: 24 20 22 [20,27] [24,27,28] 21 20 18 value: 1.0
key: 24 24 23 23 24 20 23 18 value: 0.5
key: -1 -1 -1 -1 -1 -1 28 18 value: 0.0025795356
key: [21,22] [20,24,27] 28 28 27 [20,21] 25 17 value: 1.0
key: -1 -1 -1 -1 21 20 27 19 value: 0.125
key: -1 -1 24 24 24 [20,23] 21 4 value: 0.25
key: 21 20 21 20 24 23 21 4 value: 2.0
key: -1 -1 -1 -1 -1 27 [27,28] 18 value: 0.11111111
key: 20 24 23 21 28 24 23 13 value: 1.0
key: 20 21 24 20 21 20 21 17 value: 0.5
key: 26 26 26 23 26 26 25 17 value: 1.0
key: 28 20 28 27 24 27 24 4 value: 1.0
key: 26 26 26 [21,25] 20 25 21 17 value: 1.0
key: 24 [23,24] 23 [20,24] 23 24 24 18 value: 1.0
key: 20 21 21 20 24 21 20 4 value: 2.0
key: 21 24 [20,23] 21 20 21 21 19 value: 1.0
key: -1 27 21 20 23 24 21 4 value: 1.0
key: -1 -1 -1 -1 25 [25,26] [25,26] 17 value: 1.0
key: 21 [20,23] [20,23,24] 23 22 24 20 13 value: 1.0
key: 27 28 27 28 27 [20,21,28] [24,27] 18 value: 1.0
key: 21 20 20 20 21 24 20 13 value: 1.0
key: 24 23 20 23 22 24 20 13 value: 1.0
key: 27 27 28 27 27 28 [20,21] 19 value: 0.5
key: -1 -1 -1 20 23 20 21 4 value: 0.16666667
key: 28 27 28 21 20 24 27 18 value: 1.0
key: -1 -1 25 26 25 25 26 17 value: 0.2
key: 23 24 20 23 24 24 23 18 value: 0.5
key: 27 20 21 23 24 24 24 18 value: 0.5
key: -1 -1 -1 -1 23 20 21 13 value: 0.03846154
key: 28 [21,27] 20 [27,28] 27 28 27 18 value: 1.0
key: -1 -1 -1 28 21 20 21 19 value: 0.33333334
key: [20,27] 28 27 27 28 27 [20,21] 19 value: 1.0
key: -1 -1 -1 -1 -1 27 27 18 value: 0.008
key: 28 28 27 28 27 28 27 18 value: 0.06666667
key: 25 25 25 26 25 20 21 19 value: 0.5
key: 24 23 24 20 23 28 20 19 value: 1.0
key: -1 -1 -1 27 28 20 21 13 value: 0.16666667
key: 29 24 29 29 21 20 27 19 value: 1.0
key: [21,23] [20,24] 20 22 20 28 22 18 value: 1.0
key: 20 20 21 20 21 21 21 19 value: 0.33333334
key: 20 28 27 [27,28] [27,28] [27,28] 28 18 value: 1.0
key: -1 25 25 25 25 [25,26] [20,21] 19 value: 1.0
key: -1 -1 24 24 24 24 23 13 value: 0.09090909
key: 22 28 27 24 27 28 27 13 value: 1.0
key: 20 23 21 24 26 23 24 17 value: 1.0
key: 26 26 20 21 23 20 24 19 value: 1.0
key: -1 -1 -1 -1 25 26 21 17 value: 1.0
key: -1 -1 -1 -1 27 27 28 18 value: 0.030303031
key: 22 24 24 [20,23] 21 29 29 19 value: 1.0
key: 27 27 28 [20,21] [20,21,24] 20 21 17 value: 1.0
key: 28 28 21 21 21 24 21 18 value: 1.0
key: -1 -1 -1 -1 -1 -1 [20,21] 19 value: 0.0625
key: 23 23 24 20 23 24 24 18 value: 0.33333334
key: -1 20 21 21 [20,24] 21 20 4 value: 2.0
key: 25 21 26 26 26 26 21 17 value: 1.0
key: 29 29 29 29 29 21 [20,21,23] 19 value: 1.0
key: [20,23] 21 20 25 26 25 26 17 value: 1.0
key: 21 20 28 28 27 27 27 18 value: 1.0
key: 21 24 [27,28] 28 27 27 28 19 value: 1.0
key: 27 27 27 [20,21] 20 20 20 19 value: 1.0
key: [20,23,24] 21 21 21 23 20 20 4 value: 1.0
key: 23 20 21 24 21 21 [22,28] 18 value: 1.0
key: -1 -1 24 24 24 20 23 13 value: 0.25
key: -1 -1 -1 29 29 29 21 19 value: 0.2
key: 21 20 27 28 23 20 21 19 value: 1.0
key: 20 20 23 21 20 24 27 18 value: 1.0
key: [27,29] 28 29 28 29 28 [20,21] 19 value: 1.0
key: -1 28 28 27 28 27 [27,28] 18 value: 0.5
key: 20 21 21 [20,24] 21 20 21 4 value: 1.0
key: -1 -1 -1 -1 29 29 21 19 value: 0.16666667
key: 20 24 20 22 20 28 22 18 value: 1.0
key: -1 -1 -1 -1 21 20 20 19 value: 0.125
key: -1 -1 -1 21 20 20 22 19 value: 1.0
key: -1 20 24 20 20 25 20 17 value: 1.0
key: 29 24 29 29 [21,24] [20,24] [21,24] 19 value: 1.0
key: [20,21] [21,25] [21,26] 26 26 26 21 17 value: 1.0
key: -1 -1 -1 28 28 21 20 18 value: 0.33333334
key: -1 21 21 20 21 21 21 4 value: 1.0
key: 28 29 28 29 28 21 20 19 value: 1.0
key: -1 -1 -1 27 [20,21] [23,24] 21 4 value: 1.0
key: -1 -1 -1 24 24 24 [20,23] 13 value: 0.2
key: 24 27 27 27 27 27 27 13 value: 0.33333334
key: -1 -1 -1 -1 -1 -1 [20,23] 13 value: 0.033898305
key: -1 -1 -1 -1 -1 [27,28] [20,21] 13 value: 1.0
key: -1 -1 -1 -1 29 29 20 19 value: 0.5
key: 25 21 25 21 27 24 23 17 value: 1.0
key: -1 -1 -1 -1 21 20 21 19 value: 0.06666667
key: -1 -1 -1 -1 -1 -1 21 19 value: 0.0078125
key: -1 -1 -1 -1 21 [20,27] 21 19 value: 1.0
key: 20 27 28 28 20 28 27 13 value: 1.0
key: 28 27 27 28 27 21 20 19 value: 0.33333334
key: 24 [20,24] 20 20 27 29 29 19 value: 1.0
key: 29 29 29 29 29 21 [20,21] 19 value: 0.5
key: 27 27 28 20 21 20 24 13 value: 1.0
key: -1 -1 -1 -1 20 21 24 4 value: 0.09090909
key: 20 21 20 25 26 25 26 17 value: 0.33333334
key: 25 26 26 26 26 [23,26] [25,26] 17 value: 1.0
key: 21 21 20 [21,27] 20 20 21 19 value: 1.0
key: 25 25 25 25 25 25 21 19 value: 0.2
key: 24 [20,23] 21 20 27 [23,28] [20,21] 19 value: 1.0
key: 21 20 27 28 28 20 28 17 value: 1.0
key: -1 -1 -1 -1 -1 -1 20 19 value: 0.0056497175
key: 22 20 21 20 29 20 20 4 value: 1.0
key: 29 29 29 21 20 27 21 19 value: 0.33333334
key: 26 21 21 20 [21,23,24] 26 [23,24] 17 value: 1.0
key: 20 21 24 21 21 22 28 18 value: 1.0
key: 27 27 27 27 27 20 21 19 value: 1.0
key: 20 23 22 24 20 21 20 18 value: 1.0
key: -1 24 24 24 23 20 21 4 value: 0.16666667
key: [20,23,24] 23 22 24 20 21 20 18 value: 1.0
key: -1 -1 -1 -1 -1 -1 -1 19 value: 0.15
key: -1 -1 -1 -1 -1 -1 -1 18 value: 0.45
key: 22 25 26 26 22 25 25 17 value: 1.0
key: -1 -1 -1 -1 -1 -1 23 18 value: 0.0015564202
key: 26 26 25 21 20 25 21 17 value: 1.0
key: 20 24 20 20 27 29 29 19 value: 1.0
key: 24 20 27 28 27 20 20 19 value: 1.0
key: 24 28 27 28 27 27 28 19 value: 1.0
key: 27 [20,21] 20 [27,28] 28 20 28 17 value: 1.0
key: -1 -1 -1 21 20 27 21 19 value: 1.0
key: 21 20 21 20 [20,21] 20 [20,21] 19 value: 1.0
key: [20,23] [24,28] 24 24 28 24 [20,21] 19 value: 1.0
key: [23,24] 23 [20,24] 23 24 24 23 18 value: 1.0
key: -1 -1 -1 -1 -1 -1 -1 13 value: 0.05
key: 24 [27,28] 28 27 27 28 28 18 value: 1.0
key: 21 20 21 29 20 21 20 19 value: 1.0
key: 20 21 21 21 23 20 20 4 value: 1.0
key: 21 21 20 24 21 20 21 4 value: 1.0
key: 20 21 20 21 24 23 25 17 value: 1.0
key: 29 21 24 20 24 24 21 19 value: 1.0
key: 29 29 29 29 21 20 21 19 value: 0.125
key: 25 25 21 20 21 [20,27] 28 18 value: 1.0
key: [20,21] [20,21] 20 20 21 24 20 13 value: 1.0
key: 28 27 28 27 27 28 28 18 value: 0.16666667
key: -1 -1 -1 -1 -1 28 27 18 value: 0.007633588
key: 21 24 25 24 25 26 26 17 value: 1.0
key: -1 -1 -1 -1 26 [20,21,26] [20,23,24] 19 value: 1.0
key: 27 28 27 27 28 21 20 19 value: 0.2
key: 29 29 29 29 29 21 20 19 value: 0.09090909
key: -1 -1 23 20 21 20 28 18 value: 0.5
key: -1 -1 -1 -1 29 [20,21] 20 19 value: 1.0
key: [20,21,24] 20 21 [20,21] [20,21] [20,24] [21,23] 4 value: 2.0
key: [20,21] 25 21 20 24 [20,23,24] 24 18 value: 1.0
key: -1 -1 29 29 29 21 20 19 value: 0.25
key: 21 [20,24] 21 20 21 21 20 4 value: 1.0
key: -1 -1 -1 -1 23 20 23 13 value: 0.16666667
key: 24 27 23 21 20 23 28 13 value: 1.0
key: -1 -1 -1 -1 -1 21 20 19 value: 0.032786883
key: 25 26 25 25 21 20 23 4 value: 1.0
key: 20 28 28 27 21 20 25 17 value: 1.0
key: -1 -1 -1 -1 -1 23 20 13 value: 0.035714287
key: -1 -1 -1 27 28 28 27 18 value: 0.2
key: -1 -1 -1 -1 28 28 [20,21] 18 value: 0.14285715
key: 27 28 28 27 28 27 28 18 value: 0.083333336
key: 21 20 28 27 27 28 27 18 value: 0.5
key: 27 27 [20,21] 20 [27,28] 28 20 19 value: 1.0
key: -1 22 23 22 20 23 21 4 value: 0.5
key: -1 24 24 [20,23] 20 24 20 4 value: 2.0
key: -1 -1 -1 -1 -1 -1 24 13 value: 3.351768E-4
key: 24 21 21 21 21 21 21 18 value: 0.5
key: 28 27 [20,21] [20,21] 29 [20,21] 20 19 value: 1.0
key: -1 -1 -1 -1 -1 25 21 17 value: 0.033333335
key: 24 24 23 [20,21] [20,21] [23,24] 25 17 value: 1.0
key: 21 [24,28] [20,23,27] 21 28 27 20 19 value: 1.0
key: 27 27 20 21 20 20 20 19 value: 1.0
key: 22 22 24 25 23 22 23 17 value: 1.0
key: [27,28] 24 27 [22,27,28] 24 [27,28] 27 13 value: 1.0
key: -1 -1 -1 -1 28 21 [20,21] 19 value: 1.0
key: -1 29 29 29 29 21 20 19 value: 0.2
key: 25 21 20 21 27 20 28 18 value: 1.0
key: 29 29 29 29 21 21 20 19 value: 0.33333334
key: -1 -1 -1 -1 -1 -1 27 18 value: 0.0017636684
key: 21 20 27 21 20 20 21 19 value: 1.0
key: [20,24] [22,23] 24 23 24 [20,23] [20,28] 19 value: 1.0
key: 25 25 25 [26,29] 29 26 [21,29] 19 value: 1.0
key: 22 22 20 [20,21] 29 20 20 4 value: 1.0
key: 20 21 20 27 28 28 20 19 value: 1.0
key: 29 29 29 21 20 23 21 19 value: 1.0
key: -1 -1 -1 29 21 20 20 19 value: 1.0
key: 24 24 24 22 22 23 21 13 value: 1.0
key: 24 21 20 28 [27,28] 27 27 18 value: 1.0
key: 24 23 20 21 20 21 21 19 value: 0.5
key: -1 -1 -1 -1 -1 [20,21] 21 19 value: 0.083333336
key: [22,23] 20 22 [24,27] [21,23] 20 [23,28] 13 value: 1.0
key: 26 26 25 26 25 21 20 17 value: 0.33333334
key: -1 -1 -1 -1 -1 -1 26 17 value: 0.0051282053
key: [23,24] 20 21 [24,25] 24 [25,26] 26 17 value: 1.0
key: 24 24 20 27 [27,28] 20 20 19 value: 1.0


